% -------------------------------------------------------------------
%  Generated by MATLAB on 2-Oct-2023 08:48:23
%  MATLAB version: 9.12.0.2039608 (R2022a) Update 5
% -------------------------------------------------------------------
                                 

A = ...
  [8 8 8;
   9 12 12;
   11 14 17];

A1 = ...
  [7 7 7;
   8 10 10;
   10 12 14];

A2 = ...
  [2 6 6;
   2 8 8;
   2 10 11];

A3 = ...
  [1 1 5;
   1 2 6;
   1 2 8];

ans = 2;

