A = [1 2; 3 4];
C=A^2

C
